70675
68002
16182
108147
14659
240754
75605
383563
620750
100045792
20397
27355
17319
21390
666790
544741
17246
15364
71750
67596
12323
192786
11676
70591
20308
12416
66109
73490
30056
24000
69434
69195
100039532
12763
18081
20354
12328
78521
13024
105377
544963
218613
16854
105501
21807
16197
320277
448987
67154
17988
100041546
77980
100503881
72307
100505355
224093
209200
12549
11820
56299
116871
100503745
225467
12978
545261
107239
107975
18120
666907
73656
100502752
21673
75579
21416
226252
71653
227541
100502743
18128
22325
56177
26427
19099
100043205
625328
78751
66580
386649
228852
20613
22722
320558
245867
140795
16159
80281
252838
14579
12014
26885
272027
52076
20530
622334
12986
230770
67149
27981
19017
66278
16599
114664
243219
15507
18609
269823
21426
319757
12366
317758
231931
15402
269799
21991
16970
18733
100503864
20871
15469
14256
97402
14402
108797
12337
207728
22083
13631
233913
68713
12520
79196
78849
16363
54672
330830
11906
74440
244713
23871
434394
64011
80288
270152
12306
235461
77305
74100
100504643
108160
667537
54004
15108